Accuracy: 0.5099118942731278
Precision: 0.5099118942731278
Recall: 1.0
5-fold validation scores:  [0.54290429 0.54380165 0.54214876 0.52231405 0.54214876]
