Accuracy: 0.5308370044052864
Precision: 0.5308219178082192
Recall: 0.96875
5-fold validation scores:  [0.53135314 0.52396694 0.53719008 0.51239669 0.53884298]
